+ 0
//For 4MMAOD
= 350
350 17.667405767
+ 567
5607 16.2660944206
+ 567
608 16.2627406569
+ 567
609 16.2587412587
+ 567
610 16.2564480472
+ 567
611 16.2534246575
+ 567
612 16.25
+ 567
613 16.2263157895
+ 567
614 16.2214111922
+ 567
615 16.2145377558
+ 567
616 16.209544837
+ 567
617 16.2077922078
+ 567
618 16.206185567
+ 567
619 16.2039397451
+ 567
620 16.1863874346
+ 567
621 16.1797752809
+ 567
622 16.1685823755
+ 567
623 16.1627906977
+ 567
624 16.155234657
+ 567
626 16.1534246575
+ 567
627 16.1473495058
+ 567
628 16.1451612903
+ 567
629 16.1439954468
+ 567
630 16.1428571429
+ 567
631 16.1428571429
= 568
668 16.4632768362
d 625
+ 1156
1157 15.0
+ 1156
1158 15.0
+ 1156
1159 15.0
+ 1156
1160 15.0
+ 1156
1161 15.0
+ 1156
1162 15.0
+ 1156
1163 15.0
+ 1156
1164 15.0
+ 1156
1165 15.0
+ 1156
1166 15.0
+ 1156
1167 15.0
+ 1156
1168 15.0
+ 1156
1169 15.0
+ 1156
1170 15.0
+ 1156
1171 15.0
+ 1156
1172 15.0
+ 1156
1173 15.0
+ 1156
1174 15.0
+ 1156
1175 15.0
+ 1156
1176 15.0
+ 1156
1177 15.0
+ 1156
1178 15.0
+ 1156
1179 15.0
+ 1156
1180 15.0
+ 1156
1181 15.0
+ 1156
1182 15.0
+ 1156
1183 15.0
+ 1156
1184 15.0
+ 1156
1185 15.0
+ 1156
1186 15.0
+ 1156
1187 15.0
+ 1156
1188 15.0
+ 1156
1189 15.0
+ 1156
1190 15.0
+ 1156
1191 15.0
= 1182
1217 15.0
D 1270 6
d 1283
= 3000
3034 14.6221776217
= 3030
3064 14.606870229
= 3710
3744 13.236332574
+ 3799

+ 3799
3870 14.1661402401
+ 3831
3914 14.1398601399
+ 3831
3915 14.1386861314
D 3935 11
D 3966 35
